448 10383
1669 6078
981 3231
1725 6086
630 412
1419 5139
562 2007
1506 10210
2973 946
1249 853
1084 762
1185 5624
2058 610
2035 2895
2261 2321
1055 4762
1310 271
2814 4837
2078 3106
910 10339
873 9431
2293 3917
2947 6697
1694 6953
225 5835
502 9176
999 2048
1604 9442
46 584
2654 4353
735 4850
2638 5058
1908 7692
2408 3940
2831 3238
2998 3557
2852 10433
42 8811
2100 7624
1546 2199
2331 4542
1143 8920
2708 874
492 9954
1217 594
1953 10783
1907 4138
1458 6273
2481 1898
258 2720
1586 5030
2738 4708
1302 10686
1617 10735
2421 1573
755 9764
1480 6106
1472 10468
1470 4105
2010 9779
1812 5867
1423 6031
1095 7511
1797 2299
108 1938
1057 9074
2782 6336
1068 4042
216 2736
927 681
1815 1266
560 7244
1788 1722
1709 2471
2987 10449
2302 4171
2855 4960
1617 4256
1999 3621
1533 7702
398 1636
1757 3613
823 6390
1510 6460
605 6388
2141 3390
1731 7384
2674 10156
1155 5001
2177 6904
2403 9581
2256 10683
799 1129
2889 10778
2741 9012
1950 6920
2610 1269
2039 2964
2088 6170
1902 9213
1771 6565
1914 9478
23 4455
2010 7883
2508 921
1907 5994
1876 9187
277 573
793 7666
2483 6431
2672 8410
1384 8875
229 7825
1934 9851
1840 894
2726 2294
2192 1298
2684 167
2387 6282
213 8461
61 10313
1273 489
1472 1817
2566 1515
2122 3620
500 31
432 9638
1528 5939
2216 4282
121 2997
162 8049
2020 10361
2730 9394
968 7316
1633 10974
165 141
2128 8721
374 9294
501 2061
876 10228
1036 5563
2956 9384
454 1123
2923 1923
2166 7366
1660 3870
1943 10344
1479 2844
2744 8830
2821 6802
1677 9863
1849 6432
1366 4733
816 6166
49 6488
1531 8574
707 9610
593 2818
1006 5898
1653 2498
2861 499
2631 7192
378 18
1876 8734
310 8517
1898 8779
1027 2291
1043 7940
2007 7916
507 10695
1450 8122
2502 9278
143 9298
869 4156
342 136
1432 5492
1152 3793
222 9047
1494 5419
1642 4896
249 542
1649 3741
1040 5396
1790 10060
2324 5607
2396 2432
2625 2364
1198 323
360 1880
1699 9882
351 4515
868 8695
2117 581
1550 10337
907 9515
1720 9240
2578 4398
2166 6082
2366 10702
1498 9643
2827 401
1995 5639
2999 7694
2466 10054
2728 2663
2131 4684
2932 504
2445 8763
1197 6988
2123 7543
2802 6547
1682 9842
2883 3852
367 7687
1549 4409
952 2575
50 1610
2243 10641
976 2535
2337 15
2500 4538
629 8334
472 4483
2653 10416
1148 7677
389 1656
796 3966
1061 3539
748 4194
1104 7367
2723 3074
1317 867
2112 1437
921 9452
1734 6130
1338 4788
1046 10906
1040 9324
909 2480
108 3449
2036 10335
1104 6136
1055 9014
1370 3900
2030 7418
2607 3086
2679 9533
1479 5562
1028 4301
2100 52
1396 5400
368 9713
2164 4917
1154 1992
2632 1333
2835 6010
2912 10641
68 2820
2760 3629
2578 3990
2972 10613
445 1253
2129 890
1150 7241
1900 1591
2835 7823
1603 3735
2493 8604
2632 6420
2321 6885
370 7319
1693 3829
598 10280
2299 5914
993 4226
1050 4872
842 4571
1306 5052
657 10629
1056 8982
2789 8121
2194 5364
2644 9531
232 6797
10 6340
989 6807
1037 432
1576 8907
185 2272
174 1419
1278 6386
2378 7632
1614 7214
1711 5056
364 8093
2475 6474
2078 10202
1255 5585
2232 2000
1793 7286
2725 5507
525 5052
852 8200
1764 5180
1882 1020
1689 10546
1298 7398
2955 1517
969 6217
1290 8090
2634 5645
1190 6330
1197 9886
1210 8691
601 10335
498 880
1713 10009
121 10983
1668 4344
2932 8365
784 6667
371 9608
213 2160
1021 9054
1080 9048
1431 2026
2901 9814
530 9222
519 4836
336 2018
346 8117
2319 3016
2989 5714
2125 5406
2851 8150
1092 286
2747 2726
2056 17
1188 8560
1343 9581
1843 3997
2981 2440
2649 7744
2705 9622
1658 7100
356 6315
1162 159
2973 1590
868 3536
2003 2706
2626 7002
1683 4964
1302 4009
1299 3112
2500 1003
2879 3926
2863 5275
1994 4857
999 3918
2890 9263
2196 981
426 2644
1233 4588
906 7280
797 5432
2909 5912
355 8083
651 6008
1637 2969
2015 3944
2412 1700
2860 10637
59 162
1363 5287
2615 7963
2747 3622
830 10635
212 357
2001 3493
1284 8560
2166 4284
778 1100
2745 10686
2184 8742
2974 2545
1292 3001
984 5812
285 6127
1532 758
606 9337
2866 9971
2952 6107
170 10041
2076 795
118 4206
1100 510
1138 1618
1845 3256
98 6594
1815 10055
2642 2706
2783 1548
736 9810
1465 5844
2754 2783
239 2555
2635 8091
1783 3408
347 8736
643 2142
1828 4638
2846 3345
1355 4257
1959 1023
428 1345
2446 7836
714 7621
1436 8737
2906 2808
1559 9099
1587 2560
1193 7958
1845 9835
2992 4652
974 1368
2911 6056
1827 3174
2517 7312
614 6019
1692 978
8 8744
1851 7106
2931 673
954 10218
1962 641
722 6193
328 6112
1948 3699
906 7758
2344 10028
2109 831
2764 8160
2287 489
297 6112
1030 9639
48 3088
60 2607
177 442
1314 2809
348 6948
1811 1292
1659 4388
1547 8484
2313 2332
1944 5671
474 1619
2392 1814
1836 9831
114 6351
2994 4260
2451 8378
841 940
2223 3228
362 2374
1970 1458
1668 4967
2307 7503
2791 7312
2695 4220
2370 1461
1336 2598
2137 1691
2365 6665
1634 4879
2644 8287
1865 1027
119 10964
2497 3515
1544 4662
2595 8173
1821 8252
663 6701
2177 10239
1409 686
503 10114
2886 5270
2038 1909
2392 1146
223 323
1905 8345
2465 3814
740 9750
818 1959
2659 9573
756 1131
1417 5230
1294 7399
2790 1019
2866 4846
2417 6575
1870 3449
851 5307
1682 9693
783 10605
2021 10176
489 887
524 2333
1537 3989
770 5118
1849 1657
1528 2841
205 10416
2284 235
2570 3692
1821 705
365 9620
1127 188
375 4516
1981 8007
2357 6433
2712 4443
1273 6125
2748 9974
2550 9825
1388 1979
2009 3687
2103 9372
108 3007
1129 3592
2369 1175
1902 10137
1790 6746
1396 7057
2818 6252
327 10915
2977 4583
2089 7249
371 2615
577 2544
2321 9273
2351 2904
2584 8140
1223 306
2526 2825
1745 9592
1428 4975
2514 2244
2408 4431
1021 1400
1823 6859
604 8588
2871 6255
2289 2066
1340 3981
2486 1115
1693 8142
938 1119
1517 3611
1852 1338
2099 10230
2848 5791
1644 3967
1964 3822
2424 1602
120 3174
2603 7171
144 5525
1567 5315
1392 3990
1682 4950
1572 5
2522 2645
952 9234
763 1420
155 8128
1616 1899
1549 2331
246 10498
2777 1705
1472 5529
2627 8409
577 2093
2187 742
2098 5769
1469 5612
2208 1584
941 7010
879 10235
1575 8840
2268 2068
2684 9827
1970 6797
1431 8873
1805 6099
2503 10149
73 2522
1182 2440
1088 1037
752 2059
1070 7364
1492 2457
2846 6638
2420 6169
1220 1367
29 3095
2141 1547
2812 3651
1516 2404
2970 8401
1290 1168
825 10975
835 2409
646 9777
509 153
1529 3646
2022 8098
1046 3379
182 340
1223 4863
1645 701
598 2084
2332 9647
628 6595
2985 10545
1628 10337
701 8010
125 3366
2066 5064
380 10238
2981 2356
1888 3533
2238 3746
490 152
198 8244
1053 1684
662 4355
1350 4684
369 5824
2700 8924
1805 5639
2392 7987
1485 8239
2851 9127
2229 332
398 2887
3000 7836
1531 6553
1050 10049
1082 10503
1109 5833
1416 10624
1327 3307
2302 7050
1157 4306
2015 8613
911 1413
2515 39
720 6966
632 665
2716 8433
845 10569
153 5583
647 7932
1606 7150
350 6014
1344 2781
1163 4910
711 4123
2905 4037
1945 6237
731 10948
1577 199
2089 1244
2148 5436
2923 9321
244 4859
2560 5297
2413 9215
1501 3348
45 4382
2051 1198
1166 2762
61 6291
593 6605
621 2889
970 6634
1753 575
2033 9514
1957 10900
1553 5167
273 4512
1575 5142
2797 5379
2491 5515
2656 7387
944 8970
265 6657
1921 4562
744 6503
1809 2098
1053 8546
1814 3039
1214 2678
2448 9160
80 2564
578 5593
629 5639
1423 1589
2261 3893
2209 7957
818 5471
914 3343
2279 6421
1782 6470
2273 8594
663 5389
958 10946
932 480
2466 1262
2837 10158
2632 3767
1931 3684
2000 7354
2821 4449
1624 8207
1960 6217
599 8189
829 8825
797 9142
2358 10913
1970 6901
864 6173
459 3800
200 3259
335 8866
1278 1498
1734 10361
937 787
2349 1098
2727 1795
1018 6009
1483 3197
2603 8414
1381 4286
1139 3233
2883 7414
887 6306
1907 8220
2919 9339
2207 9685
2203 8875
953 3737
964 3832
1265 7264
855 10356
1923 7433
2451 286
2071 1237
375 4569
1935 10211
1861 6295
1739 870
66 5085
2867 9495
2181 10893
2375 5963
2684 10285
1454 8300
1453 5579
1222 4766
1530 7576
2628 2194
530 8979
2046 1612
2288 9254
1875 2857
1672 4089
21 10624
2788 9625
3 9532
463 3646
2707 6639
1674 9138
1122 6807
1912 4719
951 6205
559 7415
1594 5810
1152 7604
2818 3905
1401 3238
1399 8597
63 2650
1815 152
2037 9684
2607 7676
2071 9152
174 4478
2629 2034
1232 304
769 26
1062 3004
2418 4864
2207 7786
1240 6311
165 5057
716 5150
289 7825
1466 10315
1390 3161
2169 1331
610 5782
1781 10761
2379 4650
1460 7727
1130 9175
1424 6362
1959 5254
843 377
1259 4924
845 3605
480 9416
2308 1342
439 9594
2519 4337
2125 9690
2016 8853
1049 5896
152 6315
2467 1707
2346 283
297 9845
446 2157
1400 1515
2502 2056
440 10475
2507 9684
2479 10643
1364 1995
981 4492
708 2945
1624 895
996 5012
2939 312
1032 310
945 3038
1400 8524
494 8772
2185 9552
370 9178
752 5498
327 7501
1060 7509
2418 1807
308 186
626 9136
264 6353
2936 3416
1378 5486
1629 10794
324 10074
1563 456
732 8949
2479 2625
1341 6733
2868 2860
82 5545
1409 8883
2114 4819
2034 7333
1113 7584
1884 9578
1936 2147
1288 7865
1995 4470
2756 5641
1647 4896
191 10328
783 4214
333 291
2415 2006
439 3486
2530 2487
2633 8386
572 4329
2289 3211
1845 3607
1101 9269
105 2468
2739 8285
772 8300
1680 8348
2744 5825
489 1969
1449 2705
493 7778
1217 8327
1348 10744
2318 10142
439 4709
1651 7008
2364 7339
1711 8467
2675 9839
1998 9158
2833 160
1986 8671
980 51
1222 5705
2975 4165
2547 7493
1546 10820
176 9410
322 7525
138 9121
1668 8832
1657 10868
1283 8276
1245 10614
1425 5538
2948 6337
987 1251
1695 9461
2377 2422
2855 10200
719 5325
1202 3075
1749 6087
2179 1251
2112 4373
735 4336
2926 7126
1587 1254
2212 320
673 4502
338 1061
2678 1557
838 8344
1322 5829
2315 2994
230 4532
699 6696
2919 10206
832 10470
895 4886
2267 3397
1970 8732
74 9340
1579 10724
1434 3134
747 8467
1323 2931
485 9788
2587 445
207 7142
879 2900
2625 6428
2731 10336
1263 1493
296 6816
2918 1002
2981 5678
650 8596
370 8156
2378 9430
1590 25
2129 7256
2504 4053
956 1516
291 8511
322 1385
2385 9991
2082 6111
1437 7433
2709 739
1496 7502
2097 4962
1902 1976
1286 2972
942 1957
1635 2066
2793 2516
1992 7699
2597 6922
1995 970
2942 8593
2518 1171
1707 9652
2069 410
1400 6214
1277 6635
319 4359
1687 5730
617 9723
1287 627
397 5093
2544 9979
683 2642
1027 9008
1952 1780
2590 4133
2590 4266
2403 9527
1644 9270
1958 2551
391 3054
1452 8495
2821 7312
147 6667
1093 6374
685 3964
299 4002
2942 1039
1812 1044
2101 5220
1392 10806
1427 1660
2867 868
1271 7612
1819 10151
2571 8163
1838 6176
2829 919
1124 4362
2062 4631
2524 2857
1363 4667
875 7344
2450 7287
829 2157
2955 6011
55 5886
2985 7924
1854 5613
469 297
2044 683
2541 8877
1362 4873
2208 10549
666 9975
549 10436
1522 7800
953 3248
999 9081
230 478
1752 329
1158 3133
1193 7214
1298 9774
2552 2946
1302 9362
1788 5737
2604 3419
1636 1472
530 8284
2199 3697
2317 3574
2882 405
2047 728
52 7527
1819 935
1945 1495
573 8955
2169 1995
851 9483
1258 5893
2456 10249
2312 10054
897 1527
288 5032
1925 5099
2024 3126
774 8131
2734 8510
1841 2673
1539 7474
1859 1013
1229 5417
1467 7668
1040 7068
1446 932
2573 9093
1527 5649
2101 8764
442 10919
253 8840
1839 10263
2417 7221
2381 9924
1060 177
632 9891
232 5556
119 9288
309 1954
2721 984
1449 3476
2211 3715
2706 3234
2172 5483
2582 1516
2684 6111
1827 3577
1572 408
55 6280
431 9313
1132 7937
312 1469
810 8529
224 8938
1707 802
1234 10494
2759 5906
1240 10966
1501 2454
2779 3570
1588 1714
2592 7707
1250 9366
2497 3123
2865 3837
143 10845
279 273
605 9841
2716 5039
2358 10205
2349 7228
1569 6763
613 6039
2614 6676
2589 7917
1045 5219
496 7665
2087 9206
958 10041
2250 79
1658 6114
659 4267
8 7503
191 9844
593 8457
678 10614
2149 9931
2705 1146
2809 1330
294 8000
2220 4520
541 9806
1231 10912
489 6103
2624 2660
399 955
994 9581
1008 7220
1926 9162
2593 6580
769 4722
1121 8035
1118 7873
1767 10802
2652 7588
270 2981
1766 8899
2373 8753
1361 1919
1645 5654
2187 1991
476 4773
1066 7378
1938 7504
765 5311
2881 5243
2003 3991
1242 5509
1260 3337
2657 10323
2097 8718
928 9372
1359 7865
275 10532
1689 9036
494 3516
2596 949
2087 7450
1529 8752
2462 983
2082 8782
762 7902
1845 4170
732 477
1398 9755
1116 1652
69 8741
1077 1287
176 5720
241 5376
1513 4421
1791 10215
2448 5572
467 5040
1889 8868
1703 7259
1118 325
1529 740
2189 5839
1618 6237
1430 4620
2213 6820
2278 2123
1766 10021
522 8303
640 9686
2835 10194
581 5659
44 765
1957 7007
2988 6708
2708 10005
2268 6559
2696 7019
2194 6765
1661 5972
1825 5614
766 8948
1795 4273
576 7397
1629 9501
1543 10879
2363 9100
135 1510
1146 3143
1626 8225
2793 6230
2203 4454
2633 567
904 618
297 7227
514 9825
501 2057
1432 6588
1332 4284
675 2585
1903 1950
2605 9685
1270 10731
831 6246
395 6038
1014 1319
2699 7802
673 1531
708 6171
599 5394
2777 7253
2063 7550
1835 7984
1609 4127
2621 3526
1776 3750
141 134
2409 1378
2210 4394
1125 2278
1097 856
2770 7170
774 2712
2120 5163
2040 7610
2972 9969
1696 8866
2365 10717
543 6183
424 10233
2324 1606
2795 5031
2032 6367
1593 7293
2192 1222
413 7476
1324 820
504 4961
716 1009
1035 10081
1888 497
2930 3749
615 417
2945 7413
384 10423
2378 1916
144 9220
85 6882
2959 3233
504 10484
1935 7725
141 10677
2102 9673
728 3246
1453 4292
472 6648
1936 4674
2292 2657
380 3036
2610 2254
82 1267
800 6063
1493 10919
837 2288
460 3853
18 5035
2093 3866
632 3378
316 6078
2297 10954
275 66
1330 6655
2839 8595
2917 1487
1593 7608
1133 1814
1110 8224
630 1440
1227 7779
855 8389
1067 6379
1872 2585
2765 327
1002 8221
2264 8535
2188 354
1481 1800
793 1291
571 2793
1479 2247
252 8598
1976 1968
241 10375
1535 4087
1610 10772
1435 3885
1112 5044
1153 9765
879 5039
1168 6414
2970 10063
729 9959
2805 3618
2281 1640
2416 10339
2995 4709
2084 4275
852 6012
2346 6171
2927 6853
2887 4940
1938 4687
2459 10732
1641 3136
2871 6225
2844 7681
448 10825
2189 4561
2946 10100
2152 5275
2398 6727
1695 3196
908 1259
349 290
2983 8005
1326 6885
2253 250
2023 6370
788 10639
829 9654
444 7350
459 10136
2010 937
870 10056
2056 2606
2379 5246
2752 4616
1696 7523
2909 10342
2863 672
2730 6562
843 495
2123 3245
1271 189
2764 2500
1500 8973
2341 6579
1561 769
1975 2835
802 2444
421 8457
1024 3129
1900 9022
2480 1464
2169 631
77 6314
326 1912
243 102
1193 10222
1359 6814
2638 5927
1783 6771
725 4081
2506 10303
1237 9038
1123 7778
9 9721
2246 6781
1884 9020
2535 241
2175 7792
897 9265
1614 6254
2049 221
2228 2828
2189 4939
1629 4529
1427 9024
2445 6760
2633 10954
382 5099
2044 7646
1599 1167
2478 7067
2202 10952
384 5016
798 3099
1850 3556
409 10534
69 4274
2646 1678
2078 4710
802 10018
1000 1248
1518 568
2026 9935
1143 5656
951 1340
352 5646
817 9465
511 7939
388 273
109 941
2063 8521
1153 6613
570 1864
2161 2356
1721 239
1387 2749
130 9440
797 2579
1396 5126
36 394
1804 1836
1879 3806
664 2348
168 3522
1895 2763
2175 1399
14 8931
195 2062
974 5762
195 8177
1585 7464
2837 10467
1713 8667
771 4404
1183 4870
1510 4753
1490 8409
1988 767
977 1385
2033 5346
1870 8840
2927 5
2577 2318
1411 9366
2817 9809
508 4290
1769 4641
332 6896
1776 7142
2724 3852
2095 8336
2532 374
1198 3776
2263 9978
2803 2038
521 10712
814 4081
370 9146
1292 10296
1293 6279
1125 6198
2133 4980
644 4464
1168 190
1266 10178
963 5474
1960 4834
125 2978
818 1847
1052 4766
1049 6781
1186 6293
2867 8018
1528 9467
2067 3340
2104 243
134 7667
1328 8279
1665 3051
1638 6272
743 514
151 191
2693 9247
2601 2566
306 8421
2139 6056
2333 2396
142 5721
972 1625
1560 4863
2087 2366
799 8811
1530 9737
992 3866
2970 5213
436 2530
1938 6469
2470 60
2226 342
1004 8552
398 8344
309 1249
107 8694
15 6258
2386 10218
169 848
2881 3096
135 2694
515 4140
838 9504
2361 5099
1605 3543
2299 709
2076 5628
2150 4424
17 1616
2975 9633
1866 2568
2650 6753
1740 10682
2380 3033
1207 5424
412 4819
716 6334
2690 5087
2625 10256
1416 7102
2499 4473
1367 5572
1001 6375
1597 1250
1804 4500
1080 8145
2902 9773
1345 8457
2388 4615
1561 7318
401 9905
1086 9040
1322 2152
859 10224
1292 6346
2553 6385
1064 9938
2812 2368
533 10816
2706 8561
2189 2118
2680 10882
2410 10252
2469 8736
1556 5546
2644 10421
1862 10394
578 7104
375 8591
2779 8840
1385 8661
1996 2207
1105 4372
2979 2361
1300 2735
1314 10778
1651 2620
1831 7109
1035 2068
2544 3546
1185 5993
174 9936
366 3379
908 8356
1976 2233
2860 3489
1168 8323
792 3016
498 8052
2464 10854
196 3468
2391 9774
2973 5318
2063 10757
245 2136
1803 10850
497 3081
2663 9462
286 4127
16 10763
2864 3258
2576 5
1360 10121
1414 1906
634 6189
2429 6006
2638 10131
1679 782
831 8389
1600 168
126 8154
542 7805
282 6625
605 7585
2295 4936
2648 6103
688 1319
543 1376
561 9853
514 3782
1348 1840
2896 266
1962 10204
1210 2299
2398 10135
126 1489
2398 8466
2082 10148
1316 4726
1533 5822
470 761
1765 1399
2093 5389
1767 942
1132 1713
1639 8742
775 4673
420 2925
1927 6248
559 5301
102 7825
2041 7453
710 10470
753 6124
412 2148
2746 9096
354 6812
2322 241
551 4395
537 9556
1076 8377
1885 2917
1981 1627
456 9487
778 1341
855 4218
1749 3551
1833 3531
531 8704
528 9962
2446 275
1473 4120
2393 3983
361 8277
2635 900
945 481
1030 3278
1919 8147
1887 10314
1348 10964
350 9291
994 10119
1336 10888
400 3083
1770 9997
619 1991
1256 10870
1894 2243
827 2265
2613 7773
2658 8964
1643 8991
65 6816
1873 2687
1083 5607
1626 7465
447 587
693 4653
1668 6750
245 3565
299 5768
2136 5843
291 5675
31 6592
531 9822
179 8723
792 9135
2475 3179
2785 6108
965 8409
1717 9064
1347 1666
819 6203
1186 9262
1381 2322
124 5130
1530 4393
229 8556
259 6629
717 10137
738 6290
1397 3921
1198 3683
1941 9885
2076 3457
2200 3348
2840 3660
1022 3372
2842 1014
1393 9359
2819 1817
1552 5259
406 4037
764 9407
2661 9860
2750 9046
587 4688
1653 207
2517 140
977 8119
787 1665
1940 4279
290 4688
2430 7449
2252 7487
2386 8278
2164 8731
1041 10444
1373 6593
460 2608
590 6345
2585 7599
1864 3778
2943 7221
203 10831
864 5604
2369 1898
2660 7396
2603 1476
955 6934
4 4737
288 7916
2416 7842
1557 2514
2807 4637
1635 7941
687 4825
1210 2188
1345 9430
2460 8956
2813 9248
2864 9213
41 7227
1017 1440
1058 7392
954 5518
2485 6858
2936 2254
1987 5692
1853 1390
2568 5254
325 824
2492 10963
1047 5852
916 10207
2229 6915
1042 2180
110 462
641 5446
906 1855
1581 1284
2837 7761
1614 9902
2882 407
2888 1357
1536 441
1671 2463
2337 8124
2631 5437
417 10224
2272 4091
1546 7236
14 2300
539 10573
2921 10289
970 10798
1983 4771
2154 613
177 3453
2222 9485
336 7462
1720 8591
1837 4921
1201 5860
2938 3392
575 3867
2059 661
2083 9132
2324 400
1087 1045
1575 4396
2672 3493
253 4875
2104 3586
1354 4340
1682 3265
1456 4752
1997 7479
9 7986
2899 1749
1652 6312
510 1147
866 4592
2288 942
115 3654
37 7393
2229 7413
2109 8012
2601 5346
135 8268
796 5648
1226 3410
1251 3638
1145 10584
2653 5273
2929 10646
1188 9017
2579 10441
1431 2786
1233 10493
186 1921
698 2865
1350 4709
2522 4412
2317 5132
554 3481
2862 4126
2803 4912
2757 9627
2607 2039
293 4647
387 751
475 4874
2681 6423
2702 5638
2923 4139
453 385
2358 5477
2795 6416
1733 1302
373 3614
808 9468
644 8353
1926 9299
2129 440
2067 10268
2271 10688
2602 2556
1252 7590
2108 8547
2179 1728
738 1714
281 368
836 2645
1350 2659
1670 2891
1911 1963
2926 3671
1790 398
1193 3038
1178 9071
412 6859
1855 5294
1158 8539
288 8620
1553 9308
417 4491
2528 10324
382 186
1397 5386
1444 1426
1056 6554
1735 942
2934 2250
248 786
2890 1837
246 7450
249 214
1468 6552
479 3913
867 8027
797 6634
257 6757
952 1976
322 1719
1249 8833
96 8817
1913 1002
1119 1364
1707 9733
1498 7162
1424 10063
2845 1079
2040 4443
1519 9957
1845 5954
2430 4447
1058 3173
2055 6437
1272 10206
228 8607
103 3448
2025 628
777 991
581 7036
389 7122
1015 2828
1391 4594
1261 9155
575 3074
803 10139
743 9962
2773 2841
1820 10288
789 9564
729 3873
406 9600
2177 973
859 739
736 2065
240 7129
323 6334
1984 2336
1102 2759
168 9740
68 6529
179 5614
496 2313
75 4188
2126 7472
258 483
541 878
903 2289
1704 10107
2206 3631
822 1559
1081 1941
2789 5547
42 2839
1624 4080
1573 254
2614 1596
1024 7726
226 347
2618 7746
1346 7140
1960 8883
1882 483
1308 5329
2281 158
2563 1024
97 4223
2766 2440
2756 2338
196 3352
620 2755
440 10896
2493 3772
2419 8536
