43 1454
242 8155
1888 9814
2555 4299
1987 7002
1386 6543
2865 6350
1314 8132
608 5893
2580 5625
975 6485
2427 843
2530 200
930 10385
1294 10226
2429 3465
1320 7575
2851 7163
1930 10898
976 6227
1345 3996
2283 346
1124 10001
2352 9244
801 8528
2077 4669
1006 3608
2852 2648
1111 5554
472 2282
2164 6534
1927 4054
1816 280
52 10729
884 5806
1025 9699
2546 3641
709 5798
1588 8312
860 3258
832 10753
1409 2134
2919 5730
2071 6039
1038 1712
2506 6254
105 9353
2966 9018
2065 4255
906 685
1468 8666
1393 2564
394 6365
2435 1933
556 6667
1377 8528
2163 326
2853 9643
2479 653
218 3198
757 7148
484 8232
627 4304
2569 9830
271 9610
2314 1486
812 7190
2740 7225
125 48
14 5284
672 1757
1006 7922
151 4236
318 7177
2776 8147
2545 10365
1518 2121
1294 10136
646 4874
694 6416
528 5203
1068 10506
1471 8681
460 1121
1062 6090
2381 9791
50 6454
295 8798
869 7059
2533 6595
101 1389
1696 9084
379 7550
375 3567
1088 7508
673 5186
1663 10807
260 2306
2065 6642
1185 6351
2475 10997
1421 859
2747 6618
855 9669
2154 8893
1362 8042
2692 4184
2226 3100
2555 235
2213 7422
2974 3911
2980 7977
1242 1714
950 3698
708 3228
2164 5034
1614 6820
545 3681
588 4689
2334 1481
1527 10541
1872 2984
1241 8314
382 2064
823 10657
2433 5323
1418 9199
1009 452
442 5741
2069 4519
2500 5577
1127 6979
1344 1011
1623 1438
1080 2790
2642 6867
421 10382
2076 10459
1057 2848
1697 6635
2776 4590
2208 2825
1478 9724
2311 5234
1689 2589
2475 8426
212 8734
99 4777
2449 5260
1823 6593
2698 143
1163 7061
2662 6069
2239 1677
14 1089
587 8487
2920 2229
2390 4111
880 6766
1229 138
1770 6146
2399 948
2554 965
2432 6538
1436 683
2204 9658
97 7526
872 2513
1156 7894
279 3824
1641 4618
1833 10692
2459 10840
2282 3151
2267 2995
1925 3288
2054 9892
2871 9415
300 451
2076 2187
131 9376
2836 7187
197 3657
1815 7950
1012 7246
146 7060
862 357
1179 9513
1351 5836
756 612
73 8277
399 1127
1272 10921
1359 5377
1006 8904
1912 570
641 10810
1073 10394
394 7381
2522 1618
2455 1538
631 231
1923 2085
1559 4510
2200 722
573 683
2987 689
2728 10222
276 1179
2421 9739
26 3789
2286 10656
276 7930
1929 1127
1926 2740
2666 10797
2794 7851
1042 9422
536 3596
2575 10103
1690 10508
931 9400
1621 10724
2307 9780
1335 5779
582 4685
1079 411
1577 4434
2583 3162
2882 1321
587 4173
185 5858
744 5265
2838 10897
1439 2331
2639 345
1986 8381
1297 3366
2421 6126
1334 9429
1795 8591
927 10518
1407 1056
1681 65
305 1749
727 4261
311 7575
615 7415
1674 8567
1368 4600
23 6080
36 3923
1961 7695
2980 8210
594 3592
225 1296
2975 7215
1356 3571
1369 5497
4 4938
49 10870
2067 10980
853 6851
2258 5721
403 5833
2 8595
2292 2
2552 654
2504 7951
84 2748
1061 8775
2440 3358
2079 9593
2072 10283
2572 9441
664 131
139 4010
1077 1183
2906 3654
3 1748
365 7369
1215 697
1716 4473
2508 2205
2952 5524
214 2891
2502 10865
2109 1177
236 6988
2848 2956
301 6679
1345 9890
2114 6904
11 7170
985 6036
1312 8644
2040 162
928 446
2067 8656
713 957
