308 291
1299 9895
1098 5625
124 4590
62 1803
823 9566
793 3956
1240 10374
2123 4271
275 1177
459 533
403 6862
2408 6645
1807 6513
2657 8788
1405 4296
1434 4853
2121 3143
1134 7562
2632 7563
289 9747
1188 9988
1633 9908
1373 769
2094 9769
2009 1863
137 1820
1994 468
627 872
1527 2076
428 2617
399 7569
1970 8608
1684 5801
953 7964
2719 8805
1464 6154
1233 2157
1126 2100
711 4382
854 948
1653 7533
2223 2788
395 8360
483 578
2253 6469
237 1446
54 3268
454 6124
460 9651
809 3825
2853 1666
589 7859
555 3243
1014 6961
2515 10281
522 450
605 9716
2512 9407
570 9911
1233 7806
1822 505
2545 8973
757 2450
2958 4447
201 6708
2614 6704
405 2140
717 4607
182 5966
2323 3147
1753 7620
241 6209
340 2657
280 4210
411 7316
2102 4304
2390 10143
210 9450
1114 10707
371 9386
337 2038
2149 8597
2148 7827
1355 4501
66 9362
2882 1615
667 568
2014 754
744 8888
193 1613
737 2920
1056 1974
1497 9247
1885 9683
1657 10893
284 10747
587 9899
1729 10152
412 4176
979 1287
1651 260
1155 5519
2700 2973
940 218
1757 7930
928 7682
191 4334
691 3778
1441 10384
2127 9176
252 2973
2939 8067
957 8350
1359 2870
1800 103
964 5276
2041 3031
2189 685
550 6330
659 8686
459 8737
2462 5825
214 7096
455 8136
1168 329
277 3432
1056 7108
503 4869
2194 4162
2333 8442
111 10067
2975 8381
973 2712
263 8872
1692 1099
1006 6853
1609 8714
30 4386
261 2806
937 9362
1761 8445
2983 6549
2041 3713
1799 3206
1728 9621
2787 5500
1103 3770
2022 561
2623 4410
1963 8331
2317 10648
1684 6620
2176 1483
1282 5539
1279 10133
2058 3062
2816 4375
1349 3371
1661 3260
2767 963
2910 7398
2763 2870
2895 4470
1404 4602
1865 3333
2912 2469
2560 3888
1146 2105
303 4253
2016 8029
2145 3484
2202 621
319 8753
2332 289
664 5643
698 9923
2495 8328
277 45
876 1534
2628 2536
2092 8997
2697 6559
1413 8480
2677 6827
1437 8215
795 7329
1533 5432
1545 6061
709 1183
959 4851
2432 10346
1319 9813
2791 8680
2272 3558
1266 826
2984 4719
2547 6449
2640 848
2103 3252
1240 6766
835 9610
1860 3311
2128 955
1049 5859
2517 9556
993 10063
1329 806
639 2167
1446 10781
878 3205
799 10733
1104 1814
2399 3985
833 1520
2128 4797
1644 3509
583 10756
2459 8789
854 8213
1042 2343
2147 4738
409 7443
2099 2617
1573 9658
817 10952
915 9638
2081 1772
2614 10810
1025 8718
1227 8471
873 6028
739 5267
1656 7551
2670 10581
2053 3948
1691 2128
730 7548
1595 3690
877 1438
2638 8998
687 5462
882 5629
86 5112
2675 6520
2288 8141
2239 1145
1598 3334
2456 9113
770 5293
2708 858
816 5394
1055 1125
1028 10095
1422 2790
1228 10547
411 5669
1528 615
2022 4844
1839 9350
809 3866
2327 9747
1341 4689
2533 6572
650 6927
2452 9271
2513 8504
2623 6498
2400 9785
648 764
2360 9954
1121 9609
2964 3362
1782 4856
1069 5361
1564 6764
148 8082
2946 5513
14 10839
1394 10364
1092 10642
2677 7840
2870 5777
22 3182
2168 9200
1994 324
2939 2981
922 2542
2172 69
1439 7512
1766 9762
499 422
503 4234
1237 9343
2535 2807
1940 638
2355 991
2552 10258
1595 3297
531 4847
