2003 4056
810 1302
2460 5846
2257 8313
2649 2433
289 7981
1809 4182
529 805
1756 10482
2754 1143
2685 2809
2599 3854
2297 1995
1144 3341
1793 2706
1585 3599
927 8333
482 1544
467 5876
2420 7880
1508 7373
1815 9622
2318 2864
2221 9028
2852 2274
1832 3086
531 2335
1284 5131
2205 3410
283 6914
1062 3287
2440 6893
1591 9365
2510 3749
1503 7601
1230 3295
501 1354
775 5848
1412 6109
1796 3071
1671 4519
880 787
212 3333
2484 9258
2464 1122
2902 3219
1814 9978
2785 403
2018 123
1435 1658
2640 7888
378 6995
1089 4452
1405 1630
2207 6962
865 7538
1580 8647
1192 10230
2037 2232
2546 3550
2672 6019
997 7817
535 3308
822 10484
217 10169
1482 3068
63 385
951 577
2190 4484
2088 4408
415 10963
2072 7342
445 6396
630 5578
1078 5198
768 4286
266 553
1294 612
837 8770
887 8714
1036 10417
2336 4994
111 825
1322 4608
913 4030
2502 4772
1667 1037
363 1706
883 5815
1364 6970
1103 5722
290 2574
1489 9355
1790 1023
698 10259
478 3822
1670 4443
2493 6851
2559 6612
1599 10561
68 8282
205 10983
490 9604
1483 9265
1643 6602
76 700
1446 9919
2826 4860
2038 10078
1338 1709
1197 1427
1283 1969
2340 471
1605 7065
1392 1610
1985 9288
2233 1058
903 1424
2599 3201
1570 134
2733 1943
335 10318
2128 3646
1144 7048
646 10725
1711 8326
676 1097
2686 9702
1100 4907
1074 7218
2534 1728
483 5558
76 512
2116 3793
719 146
382 8135
2104 2117
1022 8455
2084 5654
2564 10451
2936 10212
808 3106
1713 6711
2440 5008
580 6734
1260 6628
2423 2642
2959 10585
2766 3095
510 2191
2059 7611
2240 1714
2251 9831
2468 4638
570 3275
1709 9626
367 5047
952 2264
2671 10111
1958 1040
480 8050
1825 7508
1641 9794
2675 10969
989 1123
1191 9997
2321 7295
1835 2169
2658 9081
944 10100
2310 10451
2346 230
1461 6672
1360 4974
2808 10784
1849 4362
767 8230
2724 5158
2334 8143
2010 7702
2346 7418
2652 4549
940 7068
194 8105
946 6695
149 6415
2776 6576
1210 378
872 1612
2950 10416
1839 9412
135 1964
1845 7776
2087 9805
2938 8264
1699 5114
2582 65
258 3487
1148 10041
2213 8689
71 9609
1690 9197
1764 6919
2960 1855
1126 8802
2971 6409
2915 6661
2567 8975
272 4963
243 4456
2347 1938
2189 8470
937 412
463 2792
2323 6127
2935 7624
2018 7216
1300 2964
2063 5639
2519 10150
343 1252
379 4676
2991 939
86 7439
525 8246
1023 10248
2238 696
2425 4853
1013 4413
2076 3628
1148 5994
772 3387
2848 2333
184 8030
860 2480
2863 8435
503 3940
904 10755
191 7648
2561 7287
2881 9625
1570 2534
2300 5120
2385 691
2892 2413
1309 82
1160 8204
2314 5098
2759 7078
294 9059
1522 8908
2010 2803
2932 7062
2055 8217
5 1706
2116 2878
1520 9644
719 5513
1486 5660
2363 1644
1268 362
2097 9520
513 4295
155 7070
459 9416
1882 5135
2312 2246
2449 524
418 7929
2205 6055
500 9872
2783 1684
1415 8330
2495 4145
2326 5034
1125 9025
2185 3547
2275 2804
2719 8399
964 8085
257 6335
1526 7416
2492 8782
424 10190
1228 8079
954 2103
2360 1999
1566 4132
1052 6073
236 1751
2048 5754
2669 3526
2298 6389
1181 9793
643 9555
847 633
2723 6210
2771 8125
1964 1116
1965 8001
1931 6769
2689 8069
2532 9762
464 10823
1689 6060
2689 1235
1801 1001
723 2410
2288 8085
1188 8713
1466 10004
610 4727
569 10319
694 4468
2088 3331
1637 10793
2676 1489
2854 2355
1614 8954
2452 7098
2947 6703
234 9736
530 7289
2490 2544
1458 1441
950 3604
1028 10384
714 9823
1905 1795
2672 51
768 8811
1484 2522
593 5435
216 2068
2114 1850
2288 9885
1677 10287
1381 5019
1967 7218
1631 4433
614 2077
570 3587
181 5252
1644 5025
1369 4178
2831 8130
1864 7681
440 6473
1806 2432
1895 3463
2078 4497
2918 7611
2297 360
1834 10692
2305 10715
1133 5899
326 6484
1865 8225
945 10543
1197 7603
2144 6089
1398 2251
741 3200
1683 2127
2785 3621
2843 1403
774 8889
398 1705
2966 1855
2907 1015
595 7727
1979 4434
1811 1580
1036 5228
382 4493
2696 430
2263 68
1965 9918
986 4316
2294 354
959 5926
2882 6981
1191 8702
218 2373
155 9005
27 10174
371 1947
1891 10045
716 2666
1359 3245
2951 3256
937 7073
1723 1332
1598 2273
2467 5116
2420 5477
1204 5190
2866 5325
360 5701
1627 7091
522 3765
1956 1528
2771 8380
247 1541
2022 136
2536 4738
2346 2000
1962 6940
2373 2898
2965 6757
1434 9032
2729 4036
815 4988
1866 6004
1055 5866
1957 5591
2762 4774
723 29
2836 1855
1696 5430
1559 4555
1356 3754
109 5311
2639 243
1090 3012
1613 3871
737 2930
2764 9028
2176 9745
2718 6797
1188 6659
1633 9313
154 9030
2 5475
1244 7741
564 5648
1510 7186
1733 10156
2810 2202
2876 5149
427 2862
1648 5755
1591 358
793 9443
1876 5452
2199 479
955 5899
72 3953
2335 9019
1123 5778
2003 7205
2731 9567
1141 2882
1945 2201
1067 9306
2904 4028
503 5637
162 562
137 7382
651 10295
185 9924
2013 5090
1807 10361
590 3264
1419 5671
2850 6613
2170 6670
2170 8971
703 9323
2914 2564
2486 10546
1406 4839
2917 6886
374 10218
1827 8812
1161 7698
2757 10057
897 3802
1795 5250
759 9449
2738 5016
157 8685
751 10924
649 9065
2160 46
897 7048
1542 4818
1733 8391
479 2031
1727 7869
1249 7434
2368 504
2956 7998
1126 2260
1123 3464
1908 4016
1722 2737
1375 6557
1736 5870
376 9217
2320 10163
1069 8731
1951 10405
911 1191
2036 2346
2108 2408
2690 1110
1510 1563
276 3126
964 355
1019 337
223 3348
2461 6952
546 10898
1082 10496
750 9877
2199 10728
1224 5531
2503 5647
2868 3360
1823 9176
1857 5030
1400 5811
221 6132
2926 4613
2321 4538
360 1217
2528 3722
2593 10563
2925 4384
72 2230
2100 8833
1619 8572
1376 530
959 4144
652 6191
1111 10486
1930 8531
796 9197
504 7765
1580 1499
2463 3595
51 2917
359 3359
254 6011
1514 6097
746 8695
324 4646
917 7943
58 4418
1200 8249
45 1664
1394 9508
2747 9888
2445 6128
1005 4008
49 1149
2743 2540
2091 3877
1601 8377
1108 3407
2546 4373
2061 7349
531 370
752 6554
1357 4118
2331 9985
508 9828
281 5200
166 2856
2561 2941
2493 1935
2410 10620
2927 9232
1047 3070
2562 1585
2094 2703
2766 4984
2633 8008
1982 3910
1628 4163
2630 3762
858 2871
988 3097
2177 863
2868 9627
141 739
148 9133
1116 10407
635 7110
200 6214
2113 9029
1173 4865
2162 9187
929 68
1239 6764
680 6280
1085 4415
1802 2832
2062 4957
1765 7037
2890 6707
467 9909
2752 7486
969 594
126 3899
662 488
2391 10862
1961 2776
936 1640
2188 871
2881 3623
2884 5747
1644 9111
2043 7841
104 6289
1102 6147
381 3937
1215 1390
2305 1843
1458 10871
1819 9271
2510 6384
1685 5725
1629 10647
303 246
682 7325
158 4247
930 9253
2451 3601
2991 1064
1688 5038
1122 6342
1 8474
1353 6727
14 8100
673 9168
611 2692
1574 10193
1180 1570
885 9534
2258 4270
2433 4179
1960 10522
2552 7117
1115 8295
1168 8041
1106 1679
2777 6498
2739 8321
852 10057
2818 8387
2505 5522
2532 1909
735 5303
2094 9194
2820 9334
2801 2020
2556 5115
1468 5427
2790 3466
812 6229
744 9140
871 5939
1080 9679
2268 535
876 9834
1897 2700
685 5126
1146 10997
394 5263
1334 8924
1557 6705
906 1439
1894 1073
895 4327
1657 10204
1748 3651
126 6013
5 561
733 2678
1893 3724
1196 8853
367 7252
2792 3240
367 8017
1647 6918
1652 9089
2952 5969
2802 5525
2066 6157
885 10904
1023 10389
1022 3451
723 323
28 441
179 5017
2899 9631
2209 7055
2158 8531
943 626
1256 3266
1761 8668
967 7797
1189 3673
2149 1512
865 5120
356 6106
2087 491
2361 5303
641 8562
853 8297
1261 1676
396 4103
969 2861
1291 789
398 125
1064 2943
1356 10295
2225 1972
533 4239
987 621
157 7773
1512 1077
92 5421
650 7656
1078 3744
1027 7082
710 7634
2263 1988
2370 9664
12 4155
1126 7501
2182 4615
119 327
2574 1931
2650 4004
1597 7544
1391 3916
612 9131
312 9951
2711 8044
827 7921
927 4929
2940 10920
89 8269
206 6425
1051 7521
1786 1597
524 7100
72 9421
313 1634
879 3803
897 5420
2250 6302
1909 1993
1885 7714
1638 2841
1515 2162
1415 3755
969 10479
2098 1316
1404 8741
119 8630
1685 4709
2499 1327
141 1976
2249 8003
448 7732
503 2573
650 10131
1374 3583
2180 8705
2024 9546
2195 9917
433 339
210 9475
474 9872
226 3230
99 1567
741 6835
2728 7650
632 8041
445 10231
368 1448
2191 7353
1119 10710
1175 5928
3 1289
2416 3911
1498 6720
2185 6323
2263 614
2207 10988
2970 158
838 10277
2236 1660
1116 8760
378 6149
1890 7795
2655 5515
2832 2762
2678 7377
2962 1107
1908 3672
347 3145
2205 508
264 3929
2180 6025
2765 8709
1989 4814
59 8547
1165 1849
260 6514
2416 1995
2391 2533
1994 2882
2210 6324
1990 4074
658 7102
278 10510
844 754
189 8871
946 1928
2585 480
1906 4581
1170 9079
2585 7253
1850 1749
1729 5292
2530 2443
1814 4621
2865 6421
2843 7488
1901 7571
631 5792
585 3958
1792 5790
2394 3837
2268 3660
2643 825
2596 3057
2222 6610
1394 7574
2504 1110
550 4590
562 1830
659 4728
2484 104
813 7648
2900 2571
1147 1606
705 9827
572 4792
2075 7231
1416 8503
600 877
1115 5550
2450 10093
2330 1693
2131 5169
70 1135
975 6940
2004 6720
493 2078
308 7614
1323 3367
652 4499
1789 6641
1172 10503
2783 5232
2093 1336
2653 408
2548 8040
903 6741
2547 4454
1118 7259
1678 5255
2441 3045
1628 1697
1774 4103
1516 4140
2811 2179
1147 5155
1104 7494
1152 8708
911 5328
2965 2365
647 5230
2239 3956
2776 912
1842 867
374 5414
1033 3207
869 7348
1404 1666
1876 3059
2966 10322
792 7
2264 1411
1970 7458
1941 3694
1016 5608
1778 2859
1293 3173
2713 8408
1328 6052
1510 4293
29 3295
420 3213
1225 3561
2499 7694
701 9849
1361 7452
939 797
1891 8972
2427 9400
1557 349
712 8601
229 8800
2488 4814
2329 6746
2763 4233
2602 4573
768 4879
231 8634
1117 8910
962 3228
2499 4720
727 9176
960 3535
549 8407
2404 4325
1635 855
1782 7893
2533 3186
885 10013
1845 9256
584 1650
1477 10233
128 6390
1884 4896
2206 9191
1603 7101
176 9987
479 4788
2511 9278
438 3863
1569 10777
2304 10234
1280 2411
309 6576
152 1634
2365 5361
2299 5340
526 3239
934 3867
2754 7370
1622 9647
1674 5750
531 10849
1232 6908
1887 7695
439 10806
164 5575
1428 1301
153 113
808 10626
2095 7723
2625 8966
2978 10546
839 8265
2815 823
841 9329
1526 7644
2720 8554
423 8521
2221 2483
2572 10720
235 2097
363 838
943 7083
1496 1657
874 2073
805 79
556 6644
1533 2828
925 2772
439 5068
1531 2183
966 9367
2451 1713
1035 5814
1617 6206
1348 2790
2259 6485
582 9895
509 4389
113 537
92 2828
3000 6428
1769 8546
203 7273
1740 6712
1395 9283
1471 10825
17 10612
2030 10566
1830 2499
1792 1984
295 1888
1625 3586
1317 2957
2196 6674
1596 3933
1680 3541
1148 6563
972 1404
612 248
1549 8487
201 6744
2662 4024
48 9585
1413 7515
2083 353
733 8188
793 3066
247 971
2841 10287
336 440
2597 6653
871 7579
2958 9275
2897 2907
980 3441
2693 2448
1487 1217
983 4126
1867 6244
1200 8448
2665 3011
1168 5002
2354 7447
818 5436
1401 8663
1344 6725
1917 2912
542 6563
1983 8679
1869 10290
2807 3115
1399 8652
2933 1542
422 6085
1167 6580
928 4187
1650 9213
1124 1185
363 1730
2473 5477
979 7543
1807 1465
1783 3294
948 6240
1714 9257
267 6101
2782 9469
441 666
2083 5269
2070 5330
2641 9982
340 4771
1956 7347
492 6055
268 1247
942 1432
1831 7323
1600 7238
2460 10103
1383 3932
2635 9983
1142 9878
672 5927
1111 7569
232 8207
960 10585
2848 5149
1367 6828
1381 2183
1662 10154
2811 9600
2378 3815
890 5120
1902 3178
1161 10123
624 5653
937 2164
2211 9620
2630 1856
1941 7681
1084 3304
2030 8668
2017 6571
1597 4583
1770 7911
68 659
690 8909
610 5270
2167 658
1162 2256
1034 10277
420 3005
961 1959
885 6856
1280 9936
733 3993
1459 10970
670 5335
502 9876
32 7992
919 4326
2395 10009
1273 8209
825 6494
2064 4912
2371 3670
1403 2499
143 9653
2737 8974
1454 3272
271 7188
775 5515
1036 10909
732 3999
1744 9140
951 9496
1854 8546
2466 4503
1125 8189
1054 10911
477 2703
466 3741
1944 237
139 469
518 4120
2310 6305
2023 7735
2869 3795
1400 3296
1002 7067
1777 3947
1762 10749
1668 1346
2233 9711
2266 7221
1709 9657
1243 2651
950 775
1007 915
2356 6612
153 2487
846 5004
2949 1480
49 1627
577 126
563 2027
1636 8182
2351 1928
1563 7385
2854 4588
1378 6772
585 1017
2290 9051
734 6790
1364 6650
1416 6462
537 10848
2333 10960
2398 8677
2533 7364
1515 7121
1681 9471
2534 9340
237 5606
2752 10538
1175 1173
2998 4469
2927 2513
1488 8119
149 4824
1885 10112
2925 1513
788 2631
470 8178
354 233
2598 183
1565 2655
503 7064
2753 3893
2965 5024
361 4642
840 7148
2447 8125
536 6405
580 1866
237 7676
1628 4363
1134 3556
280 6817
747 242
2013 2714
2330 723
1836 436
44 10802
222 5147
2265 6867
1781 2095
180 8605
2805 6241
884 5884
502 8493
922 7853
2805 10103
2654 2320
2878 9207
242 3322
1551 8142
352 9570
360 10324
459 1553
2016 5838
1462 2505
1273 6060
678 3497
2907 5024
874 8856
1862 3041
2332 3743
1349 889
2136 7904
1039 1585
2063 821
2031 8968
1584 8625
1830 10288
2476 8500
2301 6755
2370 5369
2731 2983
232 1989
2546 6998
2584 5538
923 9249
1348 4310
1842 9268
326 9067
1077 10794
2816 3947
2212 1970
573 6112
2429 5253
2168 9867
764 6782
923 1441
1102 10059
371 5294
2853 3545
262 9611
1967 3340
604 7677
2233 5727
1611 1045
2531 8848
2942 7766
1313 8353
719 4029
2521 10198
2169 6474
2919 10733
1582 3728
1837 2019
2394 5301
904 4897
1603 5008
1857 9183
1785 540
129 2005
943 4869
1195 7780
517 6182
2695 2929
970 7235
2530 1232
568 5628
891 727
825 7383
1080 2154
2359 2883
2920 3800
2546 5155
124 3924
1823 4932
1064 6301
1356 8730
567 5242
2917 4284
1502 2209
1710 9056
1715 4856
1924 1153
446 10592
2401 2268
897 2321
1760 5344
1822 8166
2710 2076
457 3237
445 9350
1782 8217
1904 1513
2496 7610
2722 7172
2242 5932
1841 4391
2123 5458
1455 4487
335 5571
608 1819
1922 7709
566 4985
74 5664
2266 5414
917 1046
2872 9319
500 8056
1792 6267
1291 7529
1136 6739
1773 875
736 3662
892 5465
2590 1199
2419 8946
2180 7166
88 2788
2549 5240
1072 9946
1721 4363
1472 2315
2733 7270
2173 4407
856 7183
1170 8551
1533 6698
2106 5577
2409 4388
701 10855
2888 9174
2815 6957
529 7523
486 5998
2858 10013
1640 9542
687 1601
2128 10990
1894 3543
2842 2331
2671 6970
596 6997
2209 4782
392 2789
2028 6538
1712 10323
2937 7206
2732 10009
1426 7088
1729 6416
1243 2204
153 2521
1618 9745
1678 2797
2120 2463
2637 10017
944 6621
2936 6607
1603 8649
1496 8713
2767 7560
2862 507
432 1631
940 8891
195 8482
463 6697
1703 6174
709 7825
653 10344
315 5553
2874 1609
1177 9157
2701 237
1665 4599
2154 7565
916 4616
32 9247
2557 4061
215 2695
628 10021
2475 5758
2931 5725
1193 9028
72 4163
1147 9
1079 7147
2943 1816
1927 6937
968 3210
1606 1053
1573 5334
2012 6186
1009 739
1099 2072
2467 4036
1489 10671
1418 56
1064 10817
1266 3375
379 4284
2560 10576
259 816
2807 1354
136 7381
760 5996
418 9227
1421 4741
2302 4397
2030 1160
150 3738
2021 8183
1608 4263
95 10886
2325 8753
1844 4427
1368 7003
520 8949
1890 5803
521 3591
2976 9924
1097 5744
1324 5649
2045 9857
1156 9841
11 1643
943 7413
2669 2342
862 4694
652 3164
1475 4945
1069 10029
856 4318
1053 3701
632 3644
846 9154
488 6402
11 10540
1284 1819
817 1254
1784 4966
2466 1397
1769 3099
649 5623
543 8894
1987 3775
2684 948
8 6803
2311 2873
2786 9790
2589 460
1016 8629
1681 10351
2929 6939
49 1300
1076 7756
2832 7566
21 2682
2928 3430
74 4367
1372 9733
161 5820
1975 1093
2904 5094
288 10428
2134 5939
1639 7769
1341 8384
986 6643
261 8190
39 10605
624 7114
1051 9379
144 7223
2553 1143
1303 9702
2978 701
43 5842
330 1383
1541 7720
838 6912
75 2755
2828 6134
577 3543
1064 2988
2609 375
1277 7229
2882 7443
1069 10658
1388 6652
1303 6820
569 10668
2564 10208
2048 10556
2907 48
670 7746
2906 134
365 4808
463 7060
2456 7871
1220 3668
65 709
320 8054
1280 4097
2305 7646
2076 3615
2578 9080
1451 5217
2122 5317
56 5592
1494 4022
2667 1842
523 6176
1761 5030
159 2078
451 6582
1329 2969
1463 7395
1065 4410
2907 4748
930 4676
2748 8590
1722 7404
2614 8543
676 8005
2353 4600
655 10498
1067 1385
709 4432
666 1534
1874 9004
2063 1727
1462 7385
185 10515
1043 3465
2500 9815
334 9245
855 10046
2676 2355
61 8282
1885 10900
1675 2288
962 5731
2909 10989
698 6840
1385 597
210 7045
542 1286
194 6257
1389 2777
2324 4366
38 7577
2071 1869
423 9503
1380 5728
830 9916
1225 206
258 1661
2235 9429
115 9944
2102 6910
2272 2032
1984 4057
2907 8706
886 1485
497 6915
1808 1040
910 5974
1453 6511
32 245
1108 944
522 77
2137 7044
2474 8916
2295 2165
1511 7978
725 7080
2654 10466
677 3349
2191 4244
242 1531
752 3862
1490 4044
457 10001
1906 1358
944 2836
812 8484
2210 1624
2502 6669
928 1418
945 314
412 1462
521 5179
2783 2576
131 1068
808 1008
413 10790
1268 2011
2614 3190
1677 617
2064 8916
1972 7030
2291 5221
171 6126
436 9
1426 1802
2045 3203
314 8768
349 6354
1348 3379
201 8141
2642 7931
742 7013
1315 4675
1704 8657
2409 5251
1165 5988
2970 58
1373 10081
1266 7105
2479 7234
2080 6945
1685 4793
1521 3679
186 1034
1350 1929
1118 6087
466 1581
368 1388
2414 3663
2110 5887
1369 8500
1560 5637
2338 6598
2774 4567
854 7337
447 10334
742 6255
2699 4068
2416 1065
827 8174
531 10071
2660 938
2508 3117
581 2846
1728 79
2104 9828
2337 7207
96 1699
1635 5184
21 7967
2217 4901
923 9206
1254 8249
1692 5302
2494 5396
2722 6394
2123 5640
2961 730
490 1829
2857 6659
1620 3456
431 9351
459 3450
2489 3139
1411 8267
1703 1672
1077 10307
331 9610
2498 3699
932 9753
1315 2781
2515 3499
2333 8547
1722 3328
319 1429
926 4675
2370 4525
2279 9371
400 1169
1357 4957
1664 8157
1067 7467
2008 10291
284 4426
1769 10063
2993 7581
2156 1592
217 10834
2081 7678
993 6747
1206 1785
770 5721
1810 3662
1579 1064
1618 10702
2721 739
2004 10747
1778 3861
1468 8359
1761 7232
2579 4705
1451 1619
987 8086
885 579
1608 10296
1973 10252
2990 5319
2781 4632
1256 5579
141 2637
1960 1473
135 3949
1176 2703
2577 10475
97 9752
1815 5628
2892 8294
756 3418
760 738
2588 9291
1771 8818
1380 4059
12 4183
1134 5355
2842 7210
1541 10922
2622 8622
288 7336
2647 9377
637 1793
84 3233
276 4293
13 1693
2431 1640
1278 781
717 5688
1746 5045
998 7799
576 10035
1576 10415
28 732
145 1190
431 5036
151 2066
761 2821
1731 7740
2378 4938
2167 4145
2356 2642
2207 429
2384 9976
400 7390
428 5027
538 9957
2265 9793
1249 9462
1642 5743
2925 4294
2840 5103
832 8984
685 194
1021 1834
1697 2781
380 1959
970 885
2841 1412
2942 2814
66 3136
1708 7824
524 4197
1728 4003
2889 3969
2981 2658
2786 4237
636 5991
2468 2940
1152 10401
787 851
1595 1679
1323 2496
859 150
983 3325
1761 2743
1656 956
1627 8188
2329 9643
885 9416
95 7325
1926 9497
1849 7443
266 4306
1272 4895
2963 2299
2802 2275
1682 2448
2926 7911
1241 4336
548 5970
500 9079
2842 5419
1247 4352
2029 5593
1810 9809
1404 9770
909 6349
1271 4955
2256 117
2603 3095
250 7592
841 2070
2317 2086
1609 6483
2633 6833
2469 74
1463 9738
1561 8508
1348 10430
125 7532
420 5810
2326 3734
6 3985
632 3268
952 5988
1552 4700
2596 5930
2885 6107
2716 56
959 8451
2475 1538
492 8
1786 1706
2346 8684
121 9272
2945 7635
2636 1338
1885 4107
858 4401
2210 9845
1743 5197
2538 298
1014 10574
2528 6972
149 7866
2617 3891
181 1279
2348 1610
1904 8541
1500 3958
47 3256
2669 127
1376 5760
1371 10092
1873 7464
374 8165
2952 7231
1143 3456
1393 2980
1193 8028
184 3396
2130 3125
129 516
1833 8372
1300 7684
78 9712
2769 2307
1927 4811
48 869
554 4654
2766 5997
2983 3673
1941 1915
1143 8102
2852 4472
2873 1465
1175 3319
1535 8152
569 632
1365 6606
421 6075
206 1227
1458 9333
1801 8967
1098 7337
1278 496
229 2130
2874 10627
1524 8566
2930 164
835 7584
549 8383
2461 4767
556 3929
1934 1555
725 7985
1456 7122
1996 1520
1051 2591
2131 4518
2021 10716
2035 5532
2891 5912
2461 3198
980 5325
2505 5279
1702 1534
2075 9847
2405 5092
2078 1917
956 6375
2168 4347
1646 770
1827 895
2817 5194
2173 6250
2416 7773
1685 2143
1357 2540
2243 4806
2105 2425
867 2389
27 4978
2043 5957
802 1469
2146 1754
1866 3200
2802 7574
2364 9529
373 3496
435 5152
1969 10102
754 9756
720 10929
347 4073
1373 1630
354 5053
679 5642
1663 10228
2944 6935
2468 5782
2226 10233
1151 437
162 8037
1277 9772
221 3397
1514 5720
1394 6165
72 1028
1524 6054
1252 3280
1933 8460
1615 8833
870 6968
40 8420
2118 1483
1132 6224
946 331
190 7390
54 10398
2531 4488
18 2688
2391 10059
347 6436
1687 24
1132 2776
2522 5298
194 374
266 6169
1262 2956
1062 3
1220 3724
1508 1837
1472 1565
2543 5588
